5.000374291732113674e-01
5.000608725892931039e-01
5.001311984227416740e-01
5.002483894106901641e-01
5.004124163412682069e-01
5.006232383327047231e-01
5.008808028489610820e-01
5.011850457198210318e-01
5.015358911654224094e-01
5.019332518252213049e-01
5.023770287913734700e-01
5.028671116465155411e-01
5.034033785059256472e-01
5.039856960640458627e-01
5.046139196453381937e-01
5.052878932594525585e-01
5.060074496606751238e-01
5.067724104116300143e-01
5.075825859512002047e-01
5.084377756666339510e-01
5.093377679698010141e-01
5.102823403775568201e-01
5.112712595961813600e-01
5.123042816098405394e-01
5.133811517730337837e-01
5.145016049069764952e-01
5.156653653998704012e-01
5.168721473110131637e-01
5.181216544786900746e-01
5.194135806318007642e-01
5.207476095051577492e-01
5.221234149584056405e-01
5.235406610984962850e-01
5.249990024056626625e-01
5.264980838628257054e-01
5.280375410883729748e-01
5.296170004722393632e-01
5.312360793152264282e-01
5.328943859714866393e-01
5.345915199941070339e-01
5.363270722837161220e-01
5.381006252400442058e-01
5.399117529163590667e-01
5.417600211767047425e-01
5.436449878558630155e-01
5.455662029219616738e-01
5.475232086416484956e-01
5.495155397477519132e-01
5.515427236093450869e-01
5.536042804041315657e-01
5.556997232930701580e-01
5.578285585971520799e-01
5.599902859762470042e-01
5.621843986099323009e-01
5.644103833802158743e-01
5.666677210560683298e-01
5.689558864796749882e-01
5.712743487543187060e-01
5.736225714338033521e-01
5.760000127133311221e-01
5.784061256217413183e-01
5.808403582150190037e-01
5.833021537709865978e-01
5.857909509850813823e-01
5.883061841671346492e-01
5.908472834390543493e-01
5.934136749333237537e-01
5.960047809922235373e-01
5.986200203676832476e-01
6.012588084216747841e-01
6.039205573270527427e-01
6.066046762687514748e-01
6.093105716452478227e-01
6.120376472701990478e-01
6.147853045741621392e-01
6.175529428063106785e-01
6.203399592360521186e-01
6.231457493544599879e-01
6.259697070754332016e-01
6.288112249364895545e-01
6.316696942991106845e-01
6.345445055485476882e-01
6.374350482930032369e-01
6.403407115621023715e-01
6.432608840045693777e-01
6.461949540850262519e-01
6.491423102798258293e-01
6.521023412718437440e-01
6.550744361441428465e-01
6.580579845724304766e-01
6.610523770162332058e-01
6.640570049087037852e-01
6.670712608449910208e-01
6.700945387690904198e-01
6.731262341591043308e-01
6.761657442108377492e-01
6.792124680196554021e-01
6.822658067605325005e-01
6.853251638662258838e-01
6.883899452035017186e-01
6.914595592473484764e-01
6.945334172531123507e-01
6.976109334264919415e-01
7.006915250913263726e-01
7.037746128551199964e-01
7.068596207722407376e-01
7.099459765047382298e-01
7.130331114807196835e-01
7.161204610502358570e-01
7.192074646386187320e-01
7.222935658972210460e-01
7.253782128515093852e-01
7.284608580464627670e-01
7.315409586892264171e-01
7.346179767889821077e-01
7.376913792939888692e-01
7.407606382257516664e-01
7.438252308102830668e-01
7.468846396064156012e-01
7.499383526311328430e-01
7.529858634818819008e-01
7.560266714558389056e-01
7.590602816660920737e-01
7.620862051547189209e-01
7.651039590027268744e-01
7.681130664368356342e-01
7.711130569330733042e-01
7.741034663171707519e-01
7.770838368617292158e-01
7.800537173801485036e-01
7.830126633172934669e-01
7.859602368368916459e-01
7.888960069056434321e-01
7.918195493740389779e-01
7.947304470538677501e-01
7.976282897924213966e-01
8.005126745433738256e-01
8.033832054343461593e-01
8.062394938311464587e-01
8.090811583986871058e-01
8.119078251585817307e-01
8.147191275434253477e-01
8.175147064477590320e-01
8.202942102757297960e-01
8.230572949854522147e-01
8.258036241300817926e-01
8.285328688956093979e-01
8.312447081353924183e-01
8.339388284014379593e-01
8.366149239724495201e-01
8.392726968786576869e-01
8.419118569234567140e-01
8.445321217018589843e-01
8.471332166157999888e-01
8.497148748863072587e-01
8.522768375625646708e-01
8.548188535278952171e-01
8.573406795026896621e-01
8.598420800443105083e-01
8.623228275439995816e-01
8.647827022208244285e-01
8.672214921126881748e-01
8.696389930644462529e-01
8.720350087131553130e-01
8.744093504704960607e-01
8.767618375024054389e-01
8.790922967059525694e-01
8.814005626835046403e-01
8.836864777142134919e-01
8.859498917228721959e-01
8.881906622461760437e-01
8.904086543964387923e-01
8.926037408227941450e-01
8.947758016699458583e-01
8.969247245344923458e-01
8.990504044188847299e-01
9.011527436830566451e-01
9.032316519937793053e-01
9.052870462717840239e-01
9.073188506367051431e-01
9.093269963498872288e-01
9.113114217551118168e-01
9.132720722172879002e-01
9.152089000591612233e-01
9.171218644960896782e-01
9.190109315689368730e-01
9.208760740751389395e-01
9.227172714979893220e-01
9.245345099342002770e-01
9.263277820197900470e-01
9.280970868543487740e-01
9.298424299237378898e-01
9.315638230212704984e-01
9.332612841674350346e-01
9.349348375282043877e-01
9.365845133319921079e-01
9.382103477853054319e-01
9.398123829871484203e-01
9.413906668422278301e-01
9.429452529730180110e-01
9.444762006307305668e-01
9.459835746052533967e-01
9.474674451340980852e-01
9.489278878104180359e-01
9.503649834901464200e-01
9.517788181983053430e-01
9.531694830345370795e-01
9.545370740779125507e-01
9.558816922910645664e-01
9.572034434236975642e-01
9.585024379155245855e-01
9.597787907986827793e-01
9.610326215996712884e-01
9.622640542408711362e-01
9.634732169416831971e-01
9.646602421193422039e-01
9.658252662894503127e-01
9.669684299662761884e-01
9.680898775628689057e-01
9.691897572910321834e-01
9.702682210612015856e-01
9.713254243822723177e-01
9.723615262614204724e-01
9.733766891039621338e-01
9.743710786132920854e-01
9.753448636909437530e-01
9.762982163368139066e-01
9.772313115495920854e-01
9.781443272274318312e-01
9.790374440689090241e-01
9.799108454742978536e-01
9.807647174472137186e-01
9.815992484966435949e-01
9.824146295394191597e-01
9.832110538031515468e-01
9.839887167296742509e-01
9.847478158790190506e-01
9.854885508339678024e-01
9.862111231052007598e-01
9.869157360370839349e-01
9.876025947141185979e-01
9.882719058680859980e-01
9.889238777859175045e-01
9.895587202183125930e-01
9.901766442891406506e-01
9.907778624056441386e-01
9.913625881694765329e-01
9.919310362885940258e-01
9.924834224900280777e-01
9.930199634335625802e-01
9.935408766263332803e-01
9.940463803383786656e-01
9.945366935191540803e-01
9.950120357150380457e-01
9.954726269878411138e-01
9.959186878343408988e-01
9.963504391068612742e-01
9.967681019349076132e-01
9.971718976478760599e-01
9.975620476988565910e-01
9.979387735895342004e-01
9.983022967962112970e-01
9.986528386969580895e-01
9.989906204999023931e-01
9.993158631726769547e-01
9.996287873730244078e-01
9.999296133805787301e-01
1.000218561029825315e+00
1.000495849644250868e+00
1.000761697971692010e+00
1.001016324120885370e+00
1.001259945499227033e+00
1.001492778751748913e+00
1.001715039701312149e+00
1.001926943290025518e+00
1.002128703521889985e+00
1.002320533406672931e+00
1.002502644905013618e+00
1.002675248874761227e+00
1.002838555018549016e+00
1.002992771832597496e+00
1.003138106556758835e+00
1.003274765125784729e+00
1.003402952121835723e+00
1.003522870728211558e+00
1.003634722684311864e+00
1.003738708241823874e+00
1.003835026122122942e+00
1.003923873474896977e+00
1.004005445837977240e+00
1.004079937098380171e+00
1.004147539454548932e+00
1.004208443379788429e+00
1.004262837586894275e+00
1.004310908993963247e+00
1.004352842691376146e+00
1.004388821909953489e+00
1.004419027990270497e+00
1.004443640353123168e+00
1.004462836471140985e+00
1.004476791841531824e+00
1.004485679959957078e+00
1.004489672295518332e+00
1.004488938266856923e+00
1.004483645219345522e+00
1.004473958403370393e+00
1.004460040953688571e+00
1.004442053869849749e+00
1.004420155997674424e+00
1.004394504011776101e+00
1.004365252399115116e+00
1.004332553443570752e+00
1.004296557211528107e+00
1.004257411538457045e+00
1.004215262016476595e+00
1.004170251982897888e+00
1.004122522509717674e+00
1.004072212394071961e+00
1.004019458149613131e+00
1.003964393998821647e+00
1.003907151866217262e+00
1.003847861372475947e+00
1.003786649829425670e+00
1.003723642235916147e+00
1.003658961274547678e+00
1.003592727309241983e+00
1.003525058383647695e+00
1.003456070220364538e+00
1.003385876220973305e+00
1.003314587466856311e+00
1.003242312720798557e+00
1.003169158429358498e+00
1.003095228725982002e+00
1.003020625434867696e+00
1.002945448075548418e+00
1.002869793868191861e+00
1.002793757739600666e+00
1.002717432329894853e+00
1.002640907999875042e+00
1.002564272839039594e+00
1.002487612674253015e+00
1.002411011079048286e+00
1.002334549383552487e+00
1.002258306685016809e+00
1.002182359858948768e+00
1.002106783570823056e+00
1.002031650288365716e+00
1.001957030294395645e+00
1.001882991700211445e+00
1.001809600459514060e+00
1.001736920382845897e+00
1.001665013152543970e+00
1.001593938338184664e+00
1.001523753412517648e+00
1.001454513767867871e+00
1.001386272733002292e+00
1.001319081590442694e+00
1.001252989594217047e+00
1.001188043988035625e+00
1.001124290023881258e+00
1.001061770981004129e+00
1.001000528185304050e+00
1.000940601029097321e+00
1.000882026991248619e+00
1.000824841657663722e+00
1.000769078742128393e+00
1.000714770107482110e+00
1.000661945787120644e+00
1.000610634006809052e+00
1.000560861206804208e+00
1.000512652064265984e+00
1.000466029515956645e+00
1.000421014781210705e+00
1.000377627385168555e+00
1.000335885182264795e+00
1.000295804379958353e+00
1.000257399562695770e+00
1.000220683716099623e+00
1.000185668251368787e+00
1.000152363029885860e+00
1.000120776388014887e+00
1.000090915162091809e+00
1.000062784713582120e+00
1.000036388954411715e+00
1.000011730372455165e+00
9.999888100571677763e-01
9.999676277253628509e-01
9.999481817471159717e-01
9.999304691717932903e-01
9.999144857541907294e-01
9.999002259807799886e-01
9.998876830960481410e-01
9.998768491289264926e-01
9.998677149192949365e-01
9.998602701445609142e-01
9.998545033462975518e-01
9.998504019569347534e-01
9.998479523264989233e-01
9.998471397493867707e-01
9.998479484911713122e-01
9.998503618154261918e-01
9.998543620105659890e-01
9.998599304166896351e-01
9.998670474524244955e-01
9.998756926417560198e-01
9.998858446408439571e-01
9.998974812648099286e-01
9.999105795144926923e-01
9.999251156031643273e-01
9.999410649831960152e-01
9.999584023726690862e-01
9.999771017819245600e-01
9.999971365400402989e-01
1.000018479321231224e+00
1.000041102171167706e+00
1.000064976533197258e+00
1.000090073274470637e+00
1.000116362711962248e+00
1.000143814638376094e+00
1.000172398347932701e+00
1.000202082662028813e+00
1.000232835954765198e+00
1.000264626178331895e+00
1.000297420888249800e+00
1.000331187268454158e+00
1.000365892156223291e+00
1.000401502066937454e+00
1.000437983218664062e+00
1.000475301556566388e+00
1.000513422777124850e+00
1.000552312352166018e+00
1.000591935552693990e+00
1.000632257472517939e+00
1.000673243051668271e+00
1.000714857099598953e+00
1.000757064318162692e+00
1.000799829324363843e+00
1.000843116672872846e+00
1.000886890878305513e+00
1.000931116437251633e+00
1.000975757850058212e+00
1.001020779642354697e+00
1.001066146386314415e+00
1.001111822721653111e+00
1.001157773376351923e+00
1.001203963187105694e+00
1.001250357119488843e+00
1.001296920287832570e+00
1.001343617974810529e+00
1.001390415650730503e+00
1.001437278992519664e+00
1.001484173902408736e+00
1.001531066526302416e+00
1.001577923271838033e+00
1.001624710826120479e+00
1.001671396173139383e+00
1.001717946610855448e+00
1.001764329767956818e+00
1.001810513620279064e+00
1.001856466506890753e+00
1.001902157145828642e+00
1.001947554649496697e+00
1.001992628539707830e+00
1.002037348762377489e+00
1.002081685701860847e+00
1.002125610194931182e+00
1.002169093544395206e+00
1.002212107532349128e+00
1.002254624433059682e+00
1.002296617025485226e+00
1.002338058605418247e+00
1.002378922997255284e+00
1.002419184565394916e+00
1.002458818225250514e+00
1.002497799453891503e+00
1.002536104300294495e+00
1.002573709395219836e+00
1.002610591960696240e+00
1.002646729819126170e+00
1.002682101401998205e+00
1.002716685758216597e+00
1.002750462562040701e+00
1.002783412120632045e+00
1.002815515381216827e+00
1.002846753937853164e+00
1.002877110037811992e+00
1.002906566587563608e+00
1.002935107158375194e+00
1.002962715991519982e+00
1.002989378003092957e+00
1.003015078788437542e+00
1.003039804626186360e+00
1.003063542481909209e+00
1.003086280011378673e+00
1.003108005563446259e+00
1.003128708182532636e+00
1.003148377610739939e+00
1.003167004289575281e+00
1.003184579361297013e+00
1.003201094669885496e+00
1.003216542761631302e+00
1.003230916885352819e+00
1.003244210992240815e+00
1.003256419735333083e+00
1.003267538468622266e+00
1.003277563245798643e+00
1.003286490818630750e+00
1.003294318634988302e+00
1.003301044836507838e+00
1.003306668255909084e+00
1.003311188413957167e+00
1.003314605516083757e+00
1.003316920448664273e+00
1.003318134774957127e+00
1.003318250730707906e+00
1.003317271219425377e+00
1.003315199807327307e+00
1.003312040717970310e+00
1.003307798826555519e+00
1.003302479653926493e+00
1.003296089360255605e+00
1.003288634738427332e+00
1.003280123207124674e+00
1.003270562803618260e+00
1.003259962176267894e+00
1.003248330576743230e+00
1.003235677851960217e+00
1.003222014435749765e+00
1.003207351340255737e+00
1.003191700147071597e+00
1.003175072998119699e+00
1.003157482586282789e+00
1.003138942145786139e+00
1.003119465442343428e+00
1.003099066763068148e+00
1.003077760906159632e+00
1.003055563170366815e+00
1.003032489344234390e+00
1.003008555695148907e+00
1.002983778958170147e+00
1.002958176324679096e+00
1.002931765430827182e+00
1.002904564345808103e+00
1.002876591559950015e+00
1.002847865972640307e+00
1.002818406880084501e+00
1.002788233962912168e+00
1.002757367273628075e+00
1.002725827223925892e+00
1.002693634571861558e+00
1.002660810408898540e+00
1.002627376146830729e+00
1.002593353504589002e+00
1.002558764494939858e+00
1.002523631411080363e+00
1.002487976813139836e+00
1.002451823514592943e+00
1.002415194568590628e+00
1.002378113254217995e+00
1.002340603062684021e+00
1.002302687683451765e+00
1.002264390990315057e+00
1.002225737027427677e+00
1.002186749995293003e+00
1.002147454236724355e+00
1.002107874222773365e+00
1.002068034538646124e+00
1.002027959869601803e+00
1.001987674986851262e+00
1.001947204733451224e+00
1.001906574010212436e+00
1.001865807761620264e+00
1.001824930961776383e+00
1.001783968600371999e+00
1.001742945668692597e+00
1.001701887145666880e+00
1.001660817983963447e+00
1.001619763096141646e+00
1.001578747340863718e+00
1.001537795509175544e+00
1.001496932310860677e+00
1.001456182360873415e+00
1.001415570165860691e+00
1.001375120110774342e+00
1.001334856445583510e+00
1.001294803272092082e+00
1.001254984530864034e+00
1.001215423988268682e+00
1.001176145223647396e+00
1.001137171616606647e+00
1.001098526334447847e+00
1.001060232319733734e+00
1.001022312278001980e+00
1.000984788665627567e+00
1.000947683677841260e+00
1.000911019236909949e+00
1.000874816980483528e+00
1.000839098250108528e+00
1.000803884079925599e+00
1.000769195185541527e+00
1.000735051953090426e+00
1.000701474428485227e+00
1.000668482306864560e+00
1.000636094922238817e+00
1.000604331237341382e+00
1.000573209833688582e+00
1.000542748901851020e+00
1.000512966231944967e+00
1.000483879204342230e+00
1.000455504780605631e+00
1.000427859494655181e+00
1.000400959444162963e+00
1.000374820282190491e+00
1.000349457209058324e+00
1.000324884964464589e+00
1.000301117819848873e+00
1.000278169571002795e+00
1.000256053530937495e+00
1.000234782523004462e+00
1.000214368874274173e+00
1.000194824409179617e+00
1.000176160443419393e+00
1.000158387778130376e+00
1.000141516694329269e+00
1.000125556947622396e+00
1.000110517763192819e+00
1.000096407831060574e+00
1.000083235301620910e+00
1.000071007781460963e+00
1.000059732329458884e+00
1.000049415453165391e+00
1.000040063105467336e+00
1.000031680681539026e+00
1.000024273016079324e+00
1.000017844380835852e+00
1.000012398482420073e+00
1.000007938460409029e+00
1.000004466885741072e+00
1.000001985759398693e+00
1.000000496511386450e+00
1.000000000000000000e+00
1.000000496511386228e+00
1.000001985759398693e+00
1.000004466885741072e+00
1.000007938460409251e+00
1.000012398482420073e+00
1.000017844380835852e+00
1.000024273016079102e+00
1.000031680681539026e+00
1.000040063105467336e+00
1.000049415453165391e+00
1.000059732329458884e+00
1.000071007781460963e+00
1.000083235301620688e+00
1.000096407831060574e+00
1.000110517763192597e+00
1.000125556947622174e+00
1.000141516694329047e+00
1.000158387778130376e+00
1.000176160443419393e+00
1.000194824409179617e+00
1.000214368874274173e+00
1.000234782523004462e+00
1.000256053530937495e+00
1.000278169571002573e+00
1.000301117819848873e+00
1.000324884964464811e+00
1.000349457209058102e+00
1.000374820282190491e+00
1.000400959444162963e+00
1.000427859494654959e+00
1.000455504780605631e+00
1.000483879204342230e+00
1.000512966231944967e+00
1.000542748901850798e+00
1.000573209833688360e+00
1.000604331237341382e+00
1.000636094922238817e+00
1.000668482306864338e+00
1.000701474428485227e+00
1.000735051953090204e+00
1.000769195185541305e+00
1.000803884079925377e+00
1.000839098250108306e+00
1.000874816980483306e+00
1.000911019236910171e+00
1.000947683677841038e+00
1.000984788665627345e+00
1.001022312278001980e+00
1.001060232319733734e+00
1.001098526334447847e+00
1.001137171616606647e+00
1.001176145223647174e+00
1.001215423988268238e+00
1.001254984530864034e+00
1.001294803272091860e+00
1.001334856445583510e+00
1.001375120110774120e+00
1.001415570165860469e+00
1.001456182360873193e+00
1.001496932310860677e+00
1.001537795509175544e+00
1.001578747340863496e+00
1.001619763096141646e+00
1.001660817983963447e+00
1.001701887145666880e+00
1.001742945668692597e+00
1.001783968600371999e+00
1.001824930961776383e+00
1.001865807761620264e+00
1.001906574010212214e+00
1.001947204733451002e+00
1.001987674986851262e+00
1.002027959869601803e+00
1.002068034538645902e+00
1.002107874222773365e+00
1.002147454236724355e+00
1.002186749995293003e+00
1.002225737027427677e+00
1.002264390990315057e+00
1.002302687683451765e+00
1.002340603062683799e+00
1.002378113254217773e+00
1.002415194568590406e+00
1.002451823514592721e+00
1.002487976813139836e+00
1.002523631411080141e+00
1.002558764494939636e+00
1.002593353504589002e+00
1.002627376146830729e+00
1.002660810408898540e+00
1.002693634571861558e+00
1.002725827223925670e+00
1.002757367273628075e+00
1.002788233962911946e+00
1.002818406880084501e+00
1.002847865972640085e+00
1.002876591559950237e+00
1.002904564345808103e+00
1.002931765430826960e+00
1.002958176324679096e+00
1.002983778958170147e+00
1.003008555695148907e+00
1.003032489344234612e+00
1.003055563170366593e+00
1.003077760906159854e+00
1.003099066763067926e+00
1.003119465442342984e+00
1.003138942145786139e+00
1.003157482586282789e+00
1.003175072998119477e+00
1.003191700147071153e+00
1.003207351340255515e+00
1.003222014435749987e+00
1.003235677851960217e+00
1.003248330576743008e+00
1.003259962176267894e+00
1.003270562803618038e+00
1.003280123207124674e+00
1.003288634738427332e+00
1.003296089360255383e+00
1.003302479653926493e+00
1.003307798826555519e+00
1.003312040717970310e+00
1.003315199807327085e+00
1.003317271219424933e+00
1.003318250730707906e+00
1.003318134774956683e+00
1.003316920448664051e+00
1.003314605516083757e+00
1.003311188413956723e+00
1.003306668255908640e+00
1.003301044836507838e+00
1.003294318634988080e+00
1.003286490818630750e+00
1.003277563245798865e+00
1.003267538468622488e+00
1.003256419735333083e+00
1.003244210992240815e+00
1.003230916885352597e+00
1.003216542761631302e+00
1.003201094669885496e+00
1.003184579361296791e+00
1.003167004289575059e+00
1.003148377610739939e+00
1.003128708182532414e+00
1.003108005563446037e+00
1.003086280011378673e+00
1.003063542481908987e+00
1.003039804626186138e+00
1.003015078788437542e+00
1.002989378003092957e+00
1.002962715991519760e+00
1.002935107158374972e+00
1.002906566587563164e+00
1.002877110037811770e+00
1.002846753937852942e+00
1.002815515381216827e+00
1.002783412120631823e+00
1.002750462562040257e+00
1.002716685758216597e+00
1.002682101401997983e+00
1.002646729819125948e+00
1.002610591960696240e+00
1.002573709395219614e+00
1.002536104300294495e+00
1.002497799453891503e+00
1.002458818225250514e+00
1.002419184565394916e+00
1.002378922997255284e+00
1.002338058605417803e+00
1.002296617025485226e+00
1.002254624433059460e+00
1.002212107532348906e+00
1.002169093544395206e+00
1.002125610194930960e+00
1.002081685701860847e+00
1.002037348762377489e+00
1.001992628539707830e+00
1.001947554649496697e+00
1.001902157145828864e+00
1.001856466506890531e+00
1.001810513620279064e+00
1.001764329767956374e+00
1.001717946610855225e+00
1.001671396173139383e+00
1.001624710826120257e+00
1.001577923271838033e+00
1.001531066526302638e+00
1.001484173902408514e+00
1.001437278992519442e+00
1.001390415650730503e+00
1.001343617974810751e+00
1.001296920287832348e+00
1.001250357119488621e+00
1.001203963187105694e+00
1.001157773376351701e+00
1.001111822721652889e+00
1.001066146386314637e+00
1.001020779642354697e+00
1.000975757850058212e+00
1.000931116437251411e+00
1.000886890878305291e+00
1.000843116672873068e+00
1.000799829324363621e+00
1.000757064318162470e+00
1.000714857099598953e+00
1.000673243051668271e+00
1.000632257472517495e+00
1.000591935552693990e+00
1.000552312352166018e+00
1.000513422777124850e+00
1.000475301556566610e+00
1.000437983218664062e+00
1.000401502066937232e+00
1.000365892156223513e+00
1.000331187268453936e+00
1.000297420888249578e+00
1.000264626178331895e+00
1.000232835954764976e+00
1.000202082662028813e+00
1.000172398347932479e+00
1.000143814638376094e+00
1.000116362711962026e+00
1.000090073274470415e+00
1.000064976533197036e+00
1.000041102171167706e+00
1.000018479321231224e+00
9.999971365400399659e-01
9.999771017819245600e-01
9.999584023726690862e-01
9.999410649831960152e-01
9.999251156031643273e-01
9.999105795144925812e-01
9.998974812648097066e-01
9.998858446408437350e-01
9.998756926417560198e-01
9.998670474524242735e-01
9.998599304166896351e-01
9.998543620105659890e-01
9.998503618154260808e-01
9.998479484911713122e-01
9.998471397493867707e-01
9.998479523264988122e-01
9.998504019569345314e-01
9.998545033462973297e-01
9.998602701445609142e-01
9.998677149192946034e-01
9.998768491289261595e-01
9.998876830960480300e-01
9.999002259807799886e-01
9.999144857541907294e-01
9.999304691717932903e-01
9.999481817471158607e-01
9.999676277253628509e-01
9.999888100571677763e-01
1.000011730372455165e+00
1.000036388954411715e+00
1.000062784713581898e+00
1.000090915162091809e+00
1.000120776388014887e+00
1.000152363029885638e+00
1.000185668251368787e+00
1.000220683716099623e+00
1.000257399562695548e+00
1.000295804379958131e+00
1.000335885182264573e+00
1.000377627385168333e+00
1.000421014781210483e+00
1.000466029515956645e+00
1.000512652064265984e+00
1.000560861206804208e+00
1.000610634006809052e+00
1.000661945787120422e+00
1.000714770107482110e+00
1.000769078742127949e+00
1.000824841657663500e+00
1.000882026991248619e+00
1.000940601029097321e+00
1.001000528185303828e+00
1.001061770981003907e+00
1.001124290023881258e+00
1.001188043988035403e+00
1.001252989594217047e+00
1.001319081590442472e+00
1.001386272733002292e+00
1.001454513767867649e+00
1.001523753412517426e+00
1.001593938338184664e+00
1.001665013152543970e+00
1.001736920382845897e+00
1.001809600459514060e+00
1.001882991700211445e+00
1.001957030294395645e+00
1.002031650288365494e+00
1.002106783570823056e+00
1.002182359858948768e+00
1.002258306685016809e+00
1.002334549383552487e+00
1.002411011079048286e+00
1.002487612674252793e+00
1.002564272839039594e+00
1.002640907999875042e+00
1.002717432329894853e+00
1.002793757739600222e+00
1.002869793868191861e+00
1.002945448075548196e+00
1.003020625434867474e+00
1.003095228725982224e+00
1.003169158429358720e+00
1.003242312720798557e+00
1.003314587466855867e+00
1.003385876220973083e+00
1.003456070220364538e+00
1.003525058383647472e+00
1.003592727309241761e+00
1.003658961274547678e+00
1.003723642235916147e+00
1.003786649829425448e+00
1.003847861372475725e+00
1.003907151866217262e+00
1.003964393998821425e+00
1.004019458149613131e+00
1.004072212394071739e+00
1.004122522509717674e+00
1.004170251982897888e+00
1.004215262016476595e+00
1.004257411538457045e+00
1.004296557211528107e+00
1.004332553443570752e+00
1.004365252399114894e+00
1.004394504011776323e+00
1.004420155997674202e+00
1.004442053869849749e+00
1.004460040953688571e+00
1.004473958403370393e+00
1.004483645219345300e+00
1.004488938266856923e+00
1.004489672295518332e+00
1.004485679959957078e+00
1.004476791841531824e+00
1.004462836471140985e+00
1.004443640353123168e+00
1.004419027990270052e+00
1.004388821909953489e+00
1.004352842691376146e+00
1.004310908993963247e+00
1.004262837586894275e+00
1.004208443379788207e+00
1.004147539454548710e+00
1.004079937098380171e+00
1.004005445837976795e+00
1.003923873474896533e+00
1.003835026122122720e+00
1.003738708241823874e+00
1.003634722684311864e+00
1.003522870728211336e+00
1.003402952121835945e+00
1.003274765125784951e+00
1.003138106556758613e+00
1.002992771832597718e+00
1.002838555018548794e+00
1.002675248874761227e+00
1.002502644905013618e+00
1.002320533406673153e+00
1.002128703521889985e+00
1.001926943290025296e+00
1.001715039701312149e+00
1.001492778751748913e+00
1.001259945499227033e+00
1.001016324120885370e+00
1.000761697971692010e+00
1.000495849644250645e+00
1.000218561029825093e+00
9.999296133805785081e-01
9.996287873730244078e-01
9.993158631726768437e-01
9.989906204999021710e-01
9.986528386969579785e-01
9.983022967962115191e-01
9.979387735895342004e-01
9.975620476988565910e-01
9.971718976478759489e-01
9.967681019349075022e-01
9.963504391068612742e-01
9.959186878343408988e-01
9.954726269878411138e-01
9.950120357150381567e-01
9.945366935191539692e-01
9.940463803383784436e-01
9.935408766263331692e-01
9.930199634335623582e-01
9.924834224900280777e-01
9.919310362885939147e-01
9.913625881694763109e-01
9.907778624056440275e-01
9.901766442891406506e-01
9.895587202183125930e-01
9.889238777859175045e-01
9.882719058680859980e-01
9.876025947141184869e-01
9.869157360370839349e-01
9.862111231052007598e-01
9.854885508339675804e-01
9.847478158790190506e-01
9.839887167296739179e-01
9.832110538031513247e-01
9.824146295394191597e-01
9.815992484966433729e-01
9.807647174472134965e-01
9.799108454742979646e-01
9.790374440689089131e-01
9.781443272274316092e-01
9.772313115495918634e-01
9.762982163368137956e-01
9.753448636909437530e-01
9.743710786132919743e-01
9.733766891039621338e-01
9.723615262614204724e-01
9.713254243822723177e-01
9.702682210612015856e-01
9.691897572910321834e-01
9.680898775628689057e-01
9.669684299662759663e-01
9.658252662894500906e-01
9.646602421193424259e-01
9.634732169416830860e-01
9.622640542408711362e-01
9.610326215996712884e-01
9.597787907986827793e-01
9.585024379155245855e-01
9.572034434236975642e-01
9.558816922910645664e-01
9.545370740779124397e-01
9.531694830345370795e-01
9.517788181983053430e-01
9.503649834901464200e-01
9.489278878104175918e-01
9.474674451340979742e-01
9.459835746052533967e-01
9.444762006307304558e-01
9.429452529730180110e-01
9.413906668422280521e-01
9.398123829871483093e-01
9.382103477853052098e-01
9.365845133319917748e-01
9.349348375282041657e-01
9.332612841674348125e-01
9.315638230212703874e-01
9.298424299237374457e-01
9.280970868543487740e-01
9.263277820197898249e-01
9.245345099342002770e-01
9.227172714979893220e-01
9.208760740751391616e-01
9.190109315689368730e-01
9.171218644960896782e-01
9.152089000591612233e-01
9.132720722172879002e-01
9.113114217551117058e-01
9.093269963498871178e-01
9.073188506367050321e-01
9.052870462717838018e-01
9.032316519937791943e-01
9.011527436830564231e-01
8.990504044188848409e-01
8.969247245344923458e-01
8.947758016699457473e-01
8.926037408227940340e-01
8.904086543964385703e-01
8.881906622461762657e-01
8.859498917228718629e-01
8.836864777142134919e-01
8.814005626835046403e-01
8.790922967059525694e-01
8.767618375024052169e-01
8.744093504704958386e-01
8.720350087131553130e-01
8.696389930644461419e-01
8.672214921126879528e-01
8.647827022208244285e-01
8.623228275439995816e-01
8.598420800443101752e-01
8.573406795026896621e-01
8.548188535278949951e-01
8.522768375625645598e-01
8.497148748863072587e-01
8.471332166157999888e-01
8.445321217018589843e-01
8.419118569234564919e-01
8.392726968786576869e-01
8.366149239724492981e-01
8.339388284014379593e-01
8.312447081353921963e-01
8.285328688956091758e-01
8.258036241300817926e-01
8.230572949854524367e-01
8.202942102757294629e-01
8.175147064477588099e-01
8.147191275434253477e-01
8.119078251585817307e-01
8.090811583986868838e-01
8.062394938311464587e-01
8.033832054343461593e-01
8.005126745433738256e-01
7.976282897924213966e-01
7.947304470538678611e-01
7.918195493740388669e-01
7.888960069056435431e-01
7.859602368368915348e-01
7.830126633172934669e-01
7.800537173801483926e-01
7.770838368617292158e-01
7.741034663171705299e-01
7.711130569330731932e-01
7.681130664368356342e-01
7.651039590027268744e-01
7.620862051547188099e-01
7.590602816660920737e-01
7.560266714558390166e-01
7.529858634818820118e-01
7.499383526311327319e-01
7.468846396064157123e-01
7.438252308102830668e-01
7.407606382257516664e-01
7.376913792939887582e-01
7.346179767889821077e-01
7.315409586892261951e-01
7.284608580464626559e-01
7.253782128515094962e-01
7.222935658972208239e-01
7.192074646386185099e-01
7.161204610502358570e-01
7.130331114807196835e-01
7.099459765047381188e-01
7.068596207722407376e-01
7.037746128551198854e-01
7.006915250913261506e-01
6.976109334264919415e-01
6.945334172531123507e-01
6.914595592473483654e-01
6.883899452035013855e-01
6.853251638662256617e-01
6.822658067605323895e-01
6.792124680196554021e-01
6.761657442108376381e-01
6.731262341591043308e-01
6.700945387690901978e-01
6.670712608449907988e-01
6.640570049087036741e-01
6.610523770162332058e-01
6.580579845724303656e-01
6.550744361441427355e-01
6.521023412718437440e-01
6.491423102798256073e-01
6.461949540850260298e-01
6.432608840045693777e-01
6.403407115621020385e-01
6.374350482930030148e-01
6.345445055485475772e-01
6.316696942991105734e-01
6.288112249364894435e-01
6.259697070754330905e-01
6.231457493544599879e-01
6.203399592360520076e-01
6.175529428063105675e-01
6.147853045741621392e-01
6.120376472701990478e-01
6.093105716452479337e-01
6.066046762687513638e-01
6.039205573270526317e-01
6.012588084216746731e-01
5.986200203676830256e-01
5.960047809922235373e-01
5.934136749333237537e-01
5.908472834390542383e-01
5.883061841671345382e-01
5.857909509850811602e-01
5.833021537709864868e-01
5.808403582150191147e-01
5.784061256217412073e-01
5.760000127133311221e-01
5.736225714338032411e-01
5.712743487543187060e-01
5.689558864796749882e-01
5.666677210560682187e-01
5.644103833802155412e-01
5.621843986099321899e-01
5.599902859762470042e-01
5.578285585971519689e-01
5.556997232930701580e-01
5.536042804041313437e-01
5.515427236093449759e-01
5.495155397477519132e-01
5.475232086416484956e-01
5.455662029219615627e-01
5.436449878558630155e-01
5.417600211767047425e-01
5.399117529163590667e-01
5.381006252400440948e-01
5.363270722837160109e-01
5.345915199941069229e-01
5.328943859714866393e-01
5.312360793152264282e-01
5.296170004722393632e-01
5.280375410883728637e-01
5.264980838628255944e-01
5.249990024056625515e-01
5.235406610984963960e-01
5.221234149584057516e-01
5.207476095051577492e-01
5.194135806318007642e-01
5.181216544786900746e-01
5.168721473110131637e-01
5.156653653998704012e-01
5.145016049069762731e-01
5.133811517730337837e-01
5.123042816098406504e-01
5.112712595961813600e-01
5.102823403775567090e-01
5.093377679698009031e-01
5.084377756666340620e-01
5.075825859512002047e-01
5.067724104116300143e-01
5.060074496606752348e-01
5.052878932594525585e-01
5.046139196453383047e-01
5.039856960640458627e-01
5.034033785059257582e-01
5.028671116465156521e-01
5.023770287913736921e-01
5.019332518252213049e-01
5.015358911654224094e-01
5.011850457198210318e-01
5.008808028489610820e-01
5.006232383327047231e-01
5.004124163412682069e-01
5.002483894106901641e-01
5.001311984227416740e-01
5.000608725892931039e-01
